      0/59     1.81G   0.02028  0.007296   0.01248   0.04006        12       640    0.4671    0.3969     0.251    0.1997   0.05522  0.003473   0.01574
      1/59     6.48G    0.0216  0.007349   0.01297   0.04191         7       640    0.4801    0.3776    0.2449    0.1873   0.05561  0.003672   0.01524
      2/59     7.72G   0.02248   0.00745   0.01276   0.04268         9       640    0.4564    0.3841     0.249    0.1874   0.05021   0.00401    0.0156
      3/59     7.72G   0.02395  0.007492   0.01256     0.044         7       640    0.4415     0.413    0.2463    0.1816   0.05432  0.004047   0.01533
      4/59     7.72G   0.02285   0.00743   0.01241    0.0427         4       640    0.4649    0.4207    0.2562    0.1886   0.04829  0.004301    0.0154
      5/59     7.72G   0.02233  0.007446   0.01244   0.04222         9       640    0.4881    0.4105    0.2633    0.1936   0.04894  0.004023   0.01515
      6/59     7.72G   0.02276  0.007346   0.01287   0.04297         8       640    0.4539    0.4496    0.2697    0.2055   0.04655  0.004161   0.01545
      7/59     7.72G   0.02166  0.007299   0.01241   0.04137         7       640    0.3152    0.4437    0.2527    0.1912   0.04659    0.0041   0.01525
      8/59     7.72G   0.02172  0.007258   0.01209   0.04107         7       640    0.4462    0.4632    0.3066    0.2228   0.04638  0.004184   0.01496
      9/59     7.72G   0.02168  0.007361   0.01218   0.04122         5       640    0.4939    0.4441       0.3    0.2266   0.04706  0.003908   0.01504
     10/59     7.72G   0.02142  0.007478   0.01252   0.04141         9       640    0.4904    0.4163    0.2964    0.2166   0.04496   0.00391   0.01488
     11/59     7.72G   0.02159  0.007466   0.01262   0.04168         7       640    0.4865    0.4574    0.2855    0.2164   0.04374    0.0041   0.01495
     12/59     7.72G   0.02092  0.007336   0.01247   0.04073         9       640    0.4327     0.408    0.2864    0.2215   0.04309   0.00393   0.01496
     13/59     7.72G   0.02115  0.007238   0.01269   0.04108        10       640    0.5471    0.3988    0.3211    0.2395   0.04379   0.00393   0.01521
     14/59     7.72G   0.02074  0.007092   0.01235   0.04018         3       640    0.3764    0.5472    0.3114    0.2378   0.04257  0.003956   0.01535
     15/59     7.72G   0.02033  0.007073   0.01232   0.03973        11       640    0.3946    0.4626    0.3149    0.2415   0.04328  0.003808   0.01552
     16/59     7.72G   0.02036   0.00699   0.01233   0.03968         9       640    0.4324    0.4997    0.3445    0.2595   0.04131  0.003973   0.01511
     17/59     7.72G   0.02027  0.007053   0.01251   0.03984         8       640     0.446     0.432    0.3395    0.2568    0.0402  0.003796   0.01627
     18/59     7.72G   0.01968  0.007066   0.01211   0.03886        18       640    0.3752    0.5282    0.3357     0.248   0.03532  0.004024   0.01619
     19/59     7.72G   0.01926  0.006979   0.01192   0.03816         8       640    0.4135      0.48    0.3436    0.2583   0.03483   0.00397   0.01677
     20/59     7.72G   0.01897  0.007016   0.01172    0.0377         9       640    0.2904    0.5537    0.3517    0.2646   0.03374  0.003918   0.01839
     21/59     7.72G   0.02005  0.007239    0.0116   0.03889         3       640    0.4723    0.4309    0.3624    0.2701   0.03178  0.003689   0.01885
     22/59     7.72G    0.0192  0.007355   0.01136   0.03792        13       640     0.293    0.5696    0.3411    0.2537   0.02881  0.003652   0.01994
     23/59     7.72G   0.01892  0.007225   0.01135   0.03749        14       640    0.4369    0.4605    0.3518    0.2639   0.02948  0.003796   0.02006
     24/59     7.72G   0.01893  0.007219   0.01123   0.03738         9       640    0.4177    0.5363    0.3669    0.2791   0.02891  0.003723   0.02084
     25/59     7.72G   0.01872  0.007172   0.01104   0.03694         9       640    0.3269    0.5745    0.3875    0.2902   0.02882   0.00376   0.02112
     26/59     7.72G   0.01855  0.007092   0.01111   0.03676        10       640    0.4979    0.4465    0.3976    0.3001   0.02836  0.003645   0.02078
     27/59     7.72G   0.01861  0.007117   0.01102   0.03674         8       640    0.3107    0.5743    0.3779    0.2801   0.02743  0.003772    0.0212
     28/59     7.72G   0.01815  0.007025   0.01074   0.03591         8       640    0.3601    0.5579    0.4047     0.304   0.02939  0.003751   0.02173
     29/59     7.72G   0.01857   0.00707   0.01066   0.03629         9       640    0.3548    0.5898    0.4095    0.3026   0.02922  0.003712   0.02088
     30/59     7.72G   0.01871  0.007129   0.01095   0.03679        10       640    0.4371    0.5172    0.4321     0.322   0.02944  0.003558   0.02269
     31/59     7.72G   0.01817  0.007143   0.01078   0.03609         6       640    0.3706    0.5746     0.432    0.3217   0.02986  0.003675   0.02312
     32/59     7.72G   0.01781  0.006961   0.01091   0.03568         8       640    0.4433    0.5276    0.4539    0.3435   0.02921  0.003552   0.02273
     33/59     7.72G   0.01818  0.007102   0.01082    0.0361        11       640     0.523    0.5403    0.4911      0.37   0.02827  0.003667   0.02188
     34/59     7.72G   0.01766   0.00684   0.01047   0.03497         8       640    0.4867    0.5289    0.4767    0.3614   0.02774  0.003682   0.02168
     35/59     7.72G   0.01775  0.006886   0.01039   0.03503         8       640    0.3966    0.6121    0.4896    0.3644   0.02794  0.003704   0.02035
     36/59     7.72G   0.01774  0.006929   0.01054   0.03521         7       640    0.3935    0.6812    0.5216    0.3945   0.02756  0.003679   0.02108
     37/59     7.72G   0.01716   0.00686   0.01024   0.03426         7       640    0.5565    0.5923    0.5624     0.419   0.02718  0.003605   0.02157
     38/59     7.72G   0.01728  0.006772   0.01054   0.03459         9       640     0.545    0.5769    0.5361    0.4035   0.02727  0.003624   0.02184
     39/59     7.72G   0.01714  0.006711   0.01014   0.03399         4       640    0.5549    0.5558    0.5652    0.4176   0.02662  0.003664    0.0222
     40/59     7.72G   0.01716  0.006849   0.01015   0.03416         5       640    0.4043    0.7129    0.5355    0.4049   0.02747  0.003706    0.0218
     41/59     7.72G   0.01682  0.006643  0.009948   0.03341        13       640    0.5484    0.5603    0.5622    0.4323   0.02766  0.003644   0.02217
     42/59     7.72G   0.01671  0.006646   0.01002   0.03338         4       640    0.5553    0.5434    0.5628    0.4207   0.02745  0.003557   0.02262
     43/59     7.72G   0.01658  0.006736      0.01   0.03331         5       640    0.5175    0.5981    0.5829    0.4369   0.02768  0.003585   0.02242
     44/59     7.72G    0.0166  0.006587  0.009653   0.03284         8       640    0.5087    0.6655    0.5894     0.448   0.02672  0.003472   0.02221
     45/59     7.72G   0.01656  0.006676  0.009409   0.03264        15       640     0.537    0.6659    0.6066    0.4509   0.02644  0.003626   0.02196
     46/59     7.72G    0.0161  0.006468  0.009306   0.03188         5       640    0.5022    0.7099    0.6103    0.4614   0.02667  0.003648    0.0223
     47/59     7.72G   0.01613  0.006541  0.009464   0.03213         8       640    0.4841    0.7054    0.6108    0.4611   0.02742    0.0036   0.02179
     48/59     7.72G    0.0162   0.00651  0.009571   0.03228         7       640    0.5906    0.6359    0.6303    0.4761   0.02706  0.003563   0.02341
     49/59     7.72G   0.01614   0.00651  0.009112   0.03176         6       640    0.5315    0.6835    0.6355    0.4779   0.02816  0.003669   0.02306
     50/59     7.72G   0.01643  0.006538  0.009609   0.03258         7       640    0.6121    0.6262    0.6384    0.4889   0.02783  0.003607   0.02294
     51/59     7.72G   0.01592   0.00635  0.009229    0.0315         9       640    0.6146    0.6456    0.6438    0.4895   0.02731  0.003593   0.02313
     52/59     7.72G   0.01613  0.006424   0.00907   0.03162        13       640     0.584    0.6281    0.6344    0.4762   0.02732  0.003645   0.02246
     53/59     7.72G   0.01613   0.00638  0.009018   0.03153         8       640    0.5233    0.7064    0.6329    0.4822   0.02719  0.003643   0.02235
     54/59     7.72G   0.01597  0.006361  0.008991   0.03132        16       640    0.5524     0.686    0.6491     0.494   0.02675  0.003622   0.02294
     55/59     7.72G   0.01572  0.006302  0.009004   0.03103         5       640     0.513    0.7164    0.6359    0.4817   0.02602  0.003681   0.02206
     56/59     7.72G     0.016  0.006362  0.008998   0.03136         9       640    0.5523    0.6983    0.6517    0.4958   0.02567  0.003657   0.02196
     57/59     7.72G   0.01521  0.006419  0.008902   0.03053        11       640    0.5785    0.7011    0.6657    0.5034   0.02562  0.003638   0.02174
     58/59     7.72G   0.01559  0.006227  0.008849   0.03066         7       640    0.5971    0.7046    0.6715    0.5067   0.02603  0.003649   0.02147
     59/59     7.72G   0.01582  0.006278  0.008763   0.03086         2       640    0.5824    0.7028    0.6555    0.5006   0.02583  0.003612   0.02248
     60/64     2.49G   0.01538  0.006297  0.008637   0.03031        12       640    0.5683    0.6987    0.6479    0.5032   0.02545  0.003617   0.02249
     61/64     6.27G   0.01611  0.006342   0.00913   0.03158         7       640    0.6344    0.6571    0.6723    0.5146   0.02593   0.00364    0.0222
     62/64     1.54G   0.01471  0.006105  0.007874   0.02869        12       640    0.6691     0.635    0.6753    0.5173   0.02582  0.003689   0.02226
     63/64     6.95G    0.0152  0.006107  0.008088   0.02939         7       640    0.6557    0.6688     0.685    0.5215   0.02596  0.003728   0.02214
     64/64     8.18G   0.01565  0.006271  0.008616   0.03054         9       640    0.6674    0.6518    0.6843    0.5094    0.0257  0.003707   0.02111
     65/99     2.85G   0.01412  0.005914  0.007078   0.02711        12       640    0.6558    0.6488    0.6754    0.5154   0.02557  0.003774   0.02221
     66/99     6.48G   0.01593  0.006301  0.008416   0.03065         7       640    0.6416    0.6785    0.6832    0.5043   0.02621  0.003725   0.02228
     67/99     2.63G   0.01544  0.006225  0.007767   0.02943        12       640    0.6655    0.6492    0.6678    0.5007   0.02613  0.003751   0.02235
     68/99     6.45G   0.01556  0.006029  0.007263   0.02885         7       640    0.6932    0.6076    0.6796    0.5027   0.02558   0.00383   0.02271
     69/99     7.68G   0.01648  0.006481  0.008726   0.03169         9       640    0.6757    0.6555    0.6958    0.5126   0.02475  0.003685   0.02157
     70/99     7.68G   0.01666  0.006513  0.009136   0.03231         7       640    0.6553    0.6723    0.6852    0.5245   0.02524  0.003669   0.02335
     71/99     7.68G   0.01634  0.006535   0.00869   0.03156         4       640    0.6664    0.6616    0.6876    0.5204   0.02546  0.003641   0.02237
     72/99     7.68G   0.01639  0.006559   0.00887   0.03182         9       640    0.6222    0.7146    0.7071    0.5355   0.02574  0.003611   0.02124
     73/99     7.68G   0.01679  0.006522   0.00911   0.03242         8       640    0.6374    0.6744    0.7067    0.5377   0.02548   0.00368   0.02039
     74/99     7.68G     0.016  0.006392  0.008446   0.03084         7       640    0.6003    0.7051    0.7045    0.5357   0.02512  0.003663   0.02062
     75/99     7.68G   0.01647  0.006397  0.008475   0.03135         7       640    0.6581    0.6553    0.6987    0.5338   0.02458  0.003626   0.02117
     76/99     7.68G   0.01594  0.006443  0.008323   0.03071         5       640    0.6077    0.7081    0.7045     0.539   0.02415  0.003601   0.02113
     77/99     7.68G   0.01573  0.006308  0.008408   0.03045         9       640    0.6803    0.6389     0.697    0.5332   0.02409  0.003658   0.02061
     78/99     7.68G   0.01609  0.006452  0.008382   0.03092         7       640     0.682    0.6407     0.704    0.5356   0.02372  0.003714   0.02045
     79/99     7.68G   0.01563  0.006417  0.008188   0.03023         9       640    0.6668    0.6906    0.7204    0.5449   0.02399  0.003692   0.02023
     80/99     7.68G   0.01605  0.006325  0.008499   0.03087        10       640    0.6522    0.7317    0.7325    0.5559   0.02378  0.003715   0.02033
     81/99     7.68G   0.01587  0.006218  0.008225   0.03031         3       640    0.6569    0.7246    0.7325    0.5522   0.02322   0.00376   0.02007
     82/99     7.68G   0.01581  0.006213  0.008037   0.03006        11       640    0.7367    0.6805    0.7416     0.562   0.02274  0.003772   0.01995
     83/99     7.68G   0.01572  0.006155  0.008331   0.03021         9       640    0.7169    0.7011    0.7448    0.5647    0.0222   0.00373   0.02009
     84/99     7.68G   0.01586  0.006254  0.008343   0.03045         8       640    0.6976    0.7241    0.7503    0.5699   0.02208  0.003759   0.02022
     85/99     7.68G    0.0155  0.006229  0.007897   0.02963        18       640    0.7244    0.7086    0.7569    0.5733   0.02228  0.003754   0.02025
     86/99     7.68G    0.0153  0.006155  0.007958   0.02942         8       640    0.7266    0.7102    0.7587    0.5797   0.02214  0.003773   0.02001
     87/99     7.68G   0.01495   0.00606  0.007689    0.0287         9       640    0.7332    0.7158      0.76    0.5796    0.0222  0.003766   0.01979
     88/99     7.68G   0.01574   0.00615  0.007736   0.02963         3       640    0.7333    0.7209    0.7574    0.5827   0.02208  0.003762   0.01986
     89/99     7.68G   0.01545  0.006143   0.00778   0.02937        13       640    0.7079    0.7291    0.7557    0.5784   0.02194  0.003775   0.01965
     90/99     7.68G   0.01503  0.006067  0.007723   0.02882        14       640    0.7104    0.7414    0.7626    0.5854   0.02179  0.003772   0.01986
     91/99     7.68G   0.01549  0.006076  0.007869   0.02944         9       640    0.7156    0.7443    0.7692    0.5875   0.02163  0.003791   0.02018
     92/99     7.68G   0.01528  0.006049  0.007579   0.02891         9       640    0.7102    0.7436    0.7676    0.5848   0.02154  0.003795   0.02012
     93/99     7.68G   0.01547  0.006002  0.007659   0.02913        10       640    0.6972    0.7564    0.7679    0.5839   0.02152  0.003807   0.02002
     94/99     7.68G   0.01544  0.006015  0.007438   0.02889         8       640     0.703    0.7435    0.7714    0.5864   0.02155  0.003794    0.0203
     95/99     7.68G   0.01497  0.005951  0.007215   0.02814         8       640     0.715    0.7326    0.7723    0.5868   0.02149  0.003798   0.02027
     96/99     7.68G   0.01516  0.005959  0.007191   0.02831         9       640    0.7061    0.7325    0.7747    0.5887   0.02143   0.00381   0.02025
     97/99     7.68G   0.01533  0.006064  0.007432   0.02883        10       640    0.6903    0.7605    0.7791    0.5928    0.0213  0.003815   0.02006
     98/99     7.68G   0.01506  0.006073  0.007314   0.02845         6       640    0.7091    0.7528    0.7799    0.5921   0.02126  0.003819    0.0201
     99/99     7.68G   0.01483  0.005931  0.007317   0.02807         8       640    0.7047    0.7606    0.7838     0.597   0.02112  0.003821    0.0203
   100/149     2.97G   0.01418  0.005637  0.006123   0.02594        12       640    0.6984    0.7721    0.7858    0.5997   0.02105  0.003863   0.02043
   101/149     6.31G   0.01533  0.005833  0.006661   0.02782         7       640     0.757    0.7226    0.7877    0.5983   0.02113  0.003873   0.02051
   102/149     7.55G   0.01561  0.006107  0.007258   0.02897         9       640    0.7206    0.7385    0.7803    0.5949   0.02128  0.003856   0.02043
   103/149     7.55G   0.01585  0.006151  0.007737   0.02974         7       640    0.7603     0.717    0.7857    0.5971   0.02109  0.003842   0.02049
   104/149     7.55G   0.01593  0.006208  0.007436   0.02957         4       640    0.7182    0.7574     0.785    0.5954   0.02104  0.003809   0.02038
   105/149     7.55G   0.01591  0.006235  0.007659    0.0298         9       640     0.721    0.7454    0.7821    0.5996   0.02102  0.003805    0.0201
   106/149     7.55G   0.01627  0.006224  0.007721   0.03021         8       640    0.7177    0.7396    0.7779    0.5986   0.02112  0.003812   0.01987
   107/149     7.55G   0.01576  0.006162  0.007371   0.02929         7       640     0.774    0.6995      0.78     0.596   0.02106  0.003813   0.01976
   108/149     7.55G   0.01615   0.00613  0.007266   0.02954         7       640    0.7383    0.7157    0.7783    0.5932   0.02097  0.003811   0.01979
   109/149     7.55G   0.01563  0.006184  0.007327   0.02914         5       640     0.722    0.7316    0.7801     0.596   0.02096  0.003805   0.01961
   110/149     7.55G    0.0155  0.006089  0.007471   0.02906         9       640    0.7475    0.7097     0.779    0.5933   0.02089  0.003801   0.01948
   111/149     7.55G   0.01576  0.006235  0.007258   0.02925         7       640    0.7471    0.7072    0.7798    0.5935   0.02084   0.00381   0.01941
   112/149     7.55G   0.01547  0.006197  0.007251   0.02892         9       640    0.7215    0.7375    0.7816    0.5956   0.02081   0.00382   0.01934
   113/149     7.55G   0.01588  0.006171  0.007898   0.02995        10       640    0.7211    0.7396    0.7836    0.5954   0.02084  0.003826    0.0194
   114/149     7.55G   0.01566  0.006009  0.007157   0.02883         3       640    0.7632    0.6996    0.7848    0.5997   0.02087  0.003835   0.01939
   115/149     7.55G   0.01557     0.006  0.007165   0.02874        11       640    0.7708    0.6956    0.7885    0.6028   0.02092  0.003836   0.01946
   116/149     7.55G   0.01542  0.005975  0.007386   0.02878         9       640    0.7154    0.7528    0.7904    0.6036   0.02091  0.003831   0.01957
   117/149     7.55G   0.01555  0.006023  0.007492   0.02907         8       640    0.7101    0.7667    0.7918     0.607   0.02085  0.003836   0.01962
   118/149     7.55G   0.01538  0.006048  0.006949   0.02837        18       640    0.7276    0.7525    0.7927    0.6089   0.02084  0.003842   0.01961
   119/149     7.55G   0.01522  0.005949  0.006992   0.02816         8       640    0.7342    0.7538    0.7951    0.6104   0.02082  0.003843   0.01959
   120/149     7.55G   0.01491  0.005875  0.006908    0.0277         9       640    0.7313    0.7517    0.7975    0.6143   0.02083  0.003843   0.01953
   121/149     7.55G   0.01554  0.005956  0.006837   0.02833         3       640    0.7275    0.7543    0.7975    0.6145   0.02081  0.003841   0.01952
   122/149     7.55G   0.01522  0.005955  0.006847   0.02803        13       640     0.766    0.7223     0.799    0.6146   0.02081  0.003845   0.01952
   123/149     7.55G   0.01497  0.005865  0.006839   0.02767        14       640    0.7481    0.7446    0.8017    0.6166   0.02076   0.00385   0.01956
   124/149     7.55G   0.01527  0.005881  0.006989   0.02814         9       640    0.7434     0.751    0.8043    0.6202   0.02074  0.003855   0.01961
   125/149     7.55G   0.01514  0.005886  0.006807   0.02784         9       640    0.7464    0.7487    0.8054    0.6197   0.02075  0.003859   0.01958
   126/149     7.55G   0.01512  0.005812   0.00672   0.02765        10       640    0.7536    0.7413    0.8055    0.6208   0.02075  0.003864   0.01957
   127/149     7.55G   0.01522  0.005831  0.006672   0.02772         8       640    0.7705    0.7328    0.8061    0.6197   0.02074  0.003867   0.01963
   128/149     7.55G   0.01488  0.005768  0.006439   0.02709         8       640    0.7461    0.7522    0.8068    0.6209   0.02073  0.003872   0.01963
   129/149     7.55G   0.01517  0.005771  0.006428   0.02737         9       640    0.7491    0.7539    0.8077    0.6205   0.02069  0.003878   0.01962
   130/149     7.55G    0.0154  0.005857  0.006668   0.02792        10       640    0.7472    0.7546    0.8044    0.6215   0.02063  0.003882   0.01957
   131/149     7.55G   0.01484  0.005867  0.006413   0.02712         6       640    0.7545    0.7464    0.8039    0.6227   0.02061  0.003886   0.01956
   132/149     7.55G   0.01475  0.005711  0.006326   0.02679         8       640    0.7589    0.7477    0.8054    0.6231   0.02058  0.003892   0.01955
   133/149     7.55G    0.0153   0.00597  0.006817   0.02809        11       640    0.7646    0.7502     0.807    0.6258   0.02057  0.003895   0.01949
   134/149     7.55G   0.01499  0.005755   0.00675   0.02749         8       640    0.7682     0.743    0.8082    0.6261   0.02057  0.003898   0.01945
   135/149     7.55G     0.015  0.005821  0.006755   0.02758         8       640    0.7365    0.7673    0.8088    0.6266   0.02057  0.003903   0.01945
   136/149     7.55G    0.0152  0.005819  0.006807   0.02783         7       640    0.7597    0.7496    0.8095    0.6286   0.02056  0.003908   0.01944
   137/149     7.55G   0.01486  0.005747   0.00666   0.02727         7       640    0.7427    0.7673    0.8102    0.6294   0.02056  0.003912   0.01943
   138/149     7.55G   0.01498    0.0057  0.006927   0.02761         9       640    0.7438    0.7675     0.811    0.6315   0.02056  0.003915   0.01944
   139/149     7.55G   0.01504  0.005641   0.00646   0.02714         4       640    0.7158     0.799    0.8121    0.6339   0.02054  0.003919   0.01946
   140/149     7.55G   0.01504  0.005812  0.006539   0.02739         5       640    0.7432    0.7778    0.8137    0.6356   0.02053  0.003922   0.01947
   141/149     7.55G   0.01481   0.00563  0.006269   0.02671        13       640    0.7577    0.7702    0.8197    0.6356   0.02053  0.003927   0.01945
   142/149     7.55G   0.01482   0.00567  0.006361   0.02685         4       640    0.7466    0.7832    0.8203    0.6361   0.02052   0.00393   0.01945
   143/149     7.55G    0.0147  0.005732  0.006371    0.0268         5       640    0.7555    0.7789    0.8208    0.6356   0.02051  0.003933   0.01939
   144/149     7.55G   0.01465  0.005596  0.006054    0.0263         8       640    0.7566    0.7802    0.8218     0.637   0.02049  0.003937   0.01936
   145/149     7.55G   0.01504  0.005737  0.006153   0.02693        15       640    0.7493    0.7857    0.8226    0.6372   0.02047  0.003942   0.01932
   146/149     7.55G   0.01465  0.005579  0.006224   0.02645         5       640    0.7487    0.7867     0.824    0.6384   0.02046  0.003947   0.01929
   147/149     7.55G   0.01469  0.005624  0.006103   0.02642         8       640    0.7592    0.7787    0.8248    0.6401   0.02045  0.003949   0.01929
   148/149     7.55G   0.01461  0.005646  0.006303   0.02656         7       640    0.7571    0.7848     0.826    0.6409   0.02044  0.003952   0.01926
   149/149     7.55G   0.01478  0.005624   0.00614   0.02654         6       640    0.7605    0.7874     0.827    0.6414   0.02043  0.003956   0.01925
   150/199     1.62G   0.01407  0.005376  0.005327   0.02477        12       640    0.7621    0.7862    0.8277    0.6413   0.02043  0.003961   0.01921
   151/199     6.29G   0.01493  0.005578  0.006019   0.02653         7       640    0.7661    0.7827    0.8286    0.6413   0.02042  0.003963   0.01921
   152/199     7.52G   0.01508  0.005662  0.005982   0.02673         9       640    0.7917    0.7546    0.8289    0.6397   0.02042  0.003965   0.01922
   153/199     7.52G   0.01506  0.005709  0.006358   0.02712         7       640    0.7634     0.785    0.8298    0.6402   0.02042  0.003967   0.01922
   154/199     7.52G   0.01501  0.005729  0.006031   0.02677         4       640    0.7654    0.7863    0.8302    0.6411    0.0204  0.003969   0.01922
   155/199     7.52G   0.01492  0.005755  0.006061   0.02673         9       640    0.7969    0.7625    0.8308    0.6417   0.02039   0.00397   0.01921
   156/199     7.52G   0.01527  0.005797  0.006335    0.0274         8       640    0.7961    0.7644    0.8307    0.6415   0.02038  0.003973   0.01918
   157/199     7.52G   0.01485  0.005725  0.006041   0.02662         7       640    0.7812    0.7764    0.8306     0.641   0.02038  0.003973   0.01916
   158/199     7.52G   0.01519   0.00567  0.005832    0.0267         7       640    0.7891    0.7663    0.8304     0.641   0.02037  0.003973   0.01915
   159/199     7.52G   0.01488  0.005727  0.005968   0.02658         5       640    0.8279     0.741    0.8309    0.6424   0.02036  0.003974   0.01914
   160/199     7.52G   0.01457  0.005652  0.006051   0.02627         9       640    0.7765    0.7787    0.8307    0.6415   0.02035  0.003974    0.0191
   161/199     7.52G   0.01483  0.005715  0.005799   0.02635         7       640    0.7765    0.7782    0.8305    0.6417   0.02034  0.003977   0.01905
   162/199     7.52G    0.0145   0.00574   0.00597   0.02621         9       640    0.7736    0.7796    0.8303    0.6412   0.02034   0.00398   0.01902
   163/199     7.52G    0.0151  0.005706  0.006284   0.02709        10       640    0.7763    0.7791    0.8307    0.6415   0.02033  0.003981   0.01899
   164/199     7.52G   0.01471  0.005588  0.005823   0.02612         3       640    0.7764     0.779    0.8306    0.6406   0.02032  0.003984   0.01897
   165/199     7.52G   0.01484  0.005579  0.005757   0.02617        11       640    0.7795    0.7795    0.8312    0.6417   0.02033  0.003986   0.01895
   166/199     7.52G   0.01466  0.005537  0.005916   0.02611         9       640    0.7804    0.7795    0.8314    0.6408   0.02033  0.003987   0.01896
   167/199     7.52G   0.01485  0.005636  0.006123   0.02661         8       640    0.7802    0.7801    0.8317    0.6409   0.02034   0.00399   0.01894
   168/199     7.52G   0.01448  0.005642  0.005758   0.02588        18       640    0.7808    0.7802    0.8319    0.6423   0.02034  0.003993   0.01892
   169/199     7.52G   0.01454  0.005537  0.005528    0.0256         8       640    0.7813    0.7787    0.8317    0.6422   0.02035  0.003994   0.01891
   170/199     7.52G   0.01432  0.005488  0.005568   0.02538         9       640    0.7803    0.7777    0.8323    0.6429   0.02035  0.003997   0.01888
   171/199     7.52G   0.01497  0.005561  0.005473   0.02601         3       640    0.7805    0.7779    0.8325    0.6424   0.02035  0.003998   0.01887
   172/199     7.52G   0.01469  0.005551  0.005581   0.02582        13       640     0.781    0.7781    0.8328    0.6434   0.02035  0.004002   0.01886
   173/199     7.52G   0.01447   0.00547  0.005589   0.02553        14       640    0.8079    0.7549    0.8325    0.6424   0.02035  0.004004   0.01886
   174/199     7.52G   0.01465  0.005553  0.005698    0.0259         9       640    0.7812    0.7768     0.833    0.6432   0.02035  0.004006   0.01888
   175/199     7.52G   0.01448  0.005483  0.005495   0.02546         9       640    0.7974    0.7631     0.833    0.6424   0.02035  0.004008   0.01887
   176/199     7.52G   0.01443  0.005452  0.005547   0.02543        10       640    0.7835    0.7752    0.8331    0.6429   0.02036   0.00401   0.01886
   177/199     7.52G   0.01454  0.005466  0.005507   0.02551         8       640    0.7856    0.7745    0.8336    0.6433   0.02035  0.004012   0.01885
   178/199     7.52G   0.01419  0.005386  0.005265   0.02484         8       640    0.7885    0.7734    0.8338    0.6436   0.02035  0.004015   0.01885
   179/199     7.52G    0.0145  0.005412  0.005207   0.02512         9       640    0.7906    0.7753    0.8339     0.645   0.02035  0.004017   0.01884
   180/199     7.52G   0.01484  0.005476  0.005459   0.02577        10       640    0.7905    0.7762    0.8344    0.6458   0.02034   0.00402   0.01883
   181/199     7.52G   0.01437  0.005499  0.005247   0.02512         6       640    0.7911    0.7768    0.8347    0.6469   0.02034  0.004021   0.01883
   182/199     7.52G    0.0142   0.00535  0.005105   0.02466         8       640    0.7846     0.782    0.8348    0.6465   0.02033  0.004024   0.01882
   183/199     7.52G   0.01472  0.005592  0.005489    0.0258        11       640    0.7814    0.7862    0.8349    0.6469   0.02033  0.004026   0.01881
   184/199     7.52G   0.01442   0.00541  0.005546   0.02537         8       640    0.7826    0.7855    0.8346    0.6469   0.02033  0.004028    0.0188
   185/199     7.52G   0.01432  0.005479  0.005485   0.02528         8       640    0.7788    0.7908    0.8348    0.6468   0.02032   0.00403   0.01878
   186/199     7.52G   0.01469  0.005505  0.005689   0.02589         7       640    0.7801    0.7904    0.8353    0.6475   0.02032  0.004032   0.01876
   187/199     7.52G   0.01428  0.005392  0.005404   0.02508         7       640    0.7801    0.7934    0.8358    0.6476   0.02032  0.004034   0.01874
   188/199     7.52G   0.01446  0.005365  0.005679   0.02551         9       640    0.7826    0.7929    0.8359    0.6477   0.02032  0.004036   0.01873
   189/199     7.52G   0.01433  0.005298  0.005153   0.02478         4       640    0.7861    0.7909    0.8362    0.6474   0.02032  0.004038   0.01871
   190/199     7.52G   0.01447  0.005496  0.005285   0.02525         5       640    0.7855    0.7915    0.8362    0.6478   0.02032   0.00404    0.0187
   191/199     7.52G   0.01428  0.005308  0.005046   0.02464        13       640    0.7859    0.7934    0.8364    0.6479   0.02032  0.004042   0.01868
   192/199     7.52G   0.01428  0.005347  0.005337   0.02496         4       640    0.7865    0.7935     0.836    0.6482   0.02031  0.004045   0.01867
   193/199     7.52G   0.01419  0.005427  0.005251   0.02487         5       640    0.7874    0.7918    0.8361    0.6487   0.02031  0.004047   0.01865
   194/199     7.52G   0.01425  0.005298  0.004898   0.02445         8       640    0.7877    0.7916    0.8364    0.6494   0.02031   0.00405   0.01863
   195/199     7.52G    0.0144  0.005432  0.005014   0.02485        15       640    0.7876    0.7916    0.8366    0.6491    0.0203  0.004053    0.0186
   196/199     7.52G   0.01411  0.005262  0.005074   0.02445         5       640    0.7882    0.7913    0.8368    0.6496   0.02029  0.004055   0.01857
   197/199     7.52G    0.0142  0.005307  0.004836   0.02434         8       640      0.78    0.7982    0.8373    0.6495   0.02029  0.004057   0.01856
   198/199     7.52G   0.01408  0.005356  0.005319   0.02476         7       640    0.7923    0.7878    0.8373      0.65   0.02028  0.004059   0.01855
   199/199     7.52G   0.01435  0.005324   0.00518   0.02485         6       640    0.7934    0.7875    0.8374    0.6498   0.02027  0.004063   0.01853
